# 06 Crop uCT image
    Crop = [[[0, 342], [25, 500], [65, 485]],
            [[0, 326], [75, 540], [75, 500]],
            [[0, 330], [10, 500], [55, 545]],
            [[0, 330], [75, 485], [35, 525]],
            [[0, 311], [140, 605], [100, 570]],
            [[0, 325], [70, 465], [35, 505]],
            [[0, 320], [25, 549], [55, 530]],
            [[0, 325], [35, 549], [40, 525]],
            [[0, 310], [100, 630], [40, 610]],
            [[0, 325], [65, 535], [0, 549]],
            [[10, 330], [50, 475], [50, 549]],
            [[0, 337], [100, 570], [150, 600]],
            [[0, 311], [125, 585], [130, 610]],
            [[0, 311], [100, 540], [105, 580]],
            [[10, 335], [95, 515], [40, 515]],
            [[0, 330], [20, 549], [0, 530]],
            [[0, 311], [20, 630], [100, 640]],
            [[0, 330], [170, 580], [80, 570]],
            [[0, 323], [15, 510], [5, 525]],
            [[0, 325], [50, 510], [80, 549]],
            [[0, 325], [60, 460], [30, 530]],
            [[0, 325], [45, 520], [0, 549]],
            [[0, 325], [105, 500], [50, 515]],
            [[0, 325], [0, 535], [85, 520]],
            [[0, 330], [95, 500], [5, 505]]]
    Crop_Index = Crop[Index]
    uCT_Mask = uCT_Mask[Crop_Index[0][0]:Crop_Index[0][1],
                        Crop_Index[1][0]:Crop_Index[1][1],
                        Crop_Index[2][0]:Crop_Index[2][1]]
